13.1472
14.0579
6.26987
14.1338
11.3236
5.9754
7.78498
10.4688
14.5751
14.6489
6.57613
14.7059
14.5717
9.85376
13.0028
6.41886
9.21761
14.1574
12.9221
14.5949
11.5574
5.35712
13.4913
14.3399
11.7874
12.5774
12.4313
8.92227
11.5548
6.71187
12.0605
5.31833
7.76923
5.46171
5.97132
13.2346
11.9483
8.17099
14.5022
5.34446
9.38744
8.81558
12.6552
12.952
6.86873
9.89764
9.45586
11.4631
12.0936
12.5469
7.76025
11.797
11.551
6.62612
6.18998
9.98364
14.5974
8.40386
10.8527
7.23812
12.5127
7.55095
10.0596
11.9908
13.909
14.5929
10.4722
6.38624
6.49294
7.57508
13.4072
7.54282
13.1428
7.43525
14.2926
8.49984
6.96595
7.51084
11.1604
9.73289
8.5166
13.3083
10.8526
10.4972
14.1719
7.85839
12.572
12.5373
8.80446
10.6782
5.75854
5.5395
10.308
12.7917
14.3401
6.29906
10.6882
9.69391
5.11902
8.37123
6.62182
12.9428
8.11215
10.2853
6.65649
11.0198
7.62971
11.5408
11.8921
12.4815
9.50542
5.83821
7.28977
14.1334
6.52378
13.2582
10.3834
14.9613
5.78176
9.42678
6.06653
14.619
5.04634
12.7491
13.173
13.6869
5.84436
8.99783
7.5987
13.0007
9.31414
14.1065
6.81847
7.63803
6.45539
6.36069
13.6929
10.797
10.4986
6.44955
13.5303
11.2206
8.50952
10.1325
9.01808
5.75967
7.39916
6.23319
6.83908
7.39953
9.17267
5.49654
14.0272
14.4479
9.90864
9.89253
8.37719
14.0005
8.69247
6.11203
12.8025
8.89739
7.41691
9.03912
5.96455
6.31973
14.4205
14.5613
10.7521
5.5978
7.3478
8.53159
13.2119
5.15403
5.43024
6.6899
11.4912
12.3172
11.4775
9.50924
10.4701
7.96321
12.4469
6.88955
11.8678
6.83511
8.68485
11.2562
12.8023
5.81126
14.2939
12.7571
9.86792
9.35859
9.46784
8.06349
10.0851
10.1077
13.1763
12.9483
11.4432
8.78609
13.1158
10.3283
8.50727
14.39
13.7594
10.5016
11.2248
10.8704
7.07742
8.01246
9.70923
7.30488
13.4431
6.94764
7.25922
6.70708
7.27664
9.35699
8.11102
14.2338
9.30207
6.84816
14.0488
14.7975
9.3887
6.11119
7.58065
9.0872
10.949
7.62212
11.0284
12.1122
7.21747
6.17418
7.96676
8.18778
9.24167
10.0786
5.85516
7.62482
13.0101
5.2922
14.2885
12.3033
9.88609
10.7853
7.37284
9.58849
14.6309
10.4681
10.2114
7.31594
9.88898
11.2406
11.7914
8.95515
8.67437
14.8798
5.37739
13.8517
14.1329
12.9618
5.98712
7.61871
8.35357
11.7973
6.36553
12.2123
6.06762
11.5376
9.94174
12.7905
12.1504
14.0372
13.9092
8.34163
11.9875
6.9781
5.30541
12.4407
10.0002
9.79922
14.0472
11.0987
11.1767
13.5944
13.0549
10.7672
6.82922
7.39932
13.8651
5.28674
9.89901
6.67927
14.7868
12.1269
10.0047
9.71088
5.59619
11.8197
5.42431
5.71445
10.2165
5.9673
13.1815
13.1755
12.2244
6.49865
11.5961
10.1859
14.7297
11.4899
13.0033
9.53798
9.32392
13.2531
5.8347
6.33171
6.73389
8.90938
13.3138
13.0336
5.60471
8.99258
10.2688
9.16799
11.5686
11.2797
7.91984
9.31651
5.15487
14.8406
6.67168
6.06216
8.7241
6.98118
9.89688
8.39493
14.5163
14.2033
5.52677
12.3786
7.69119
9.22836
10.4787
14.4274
9.17744
14.8305
8.01455
12.011
11.6634
10.3913
11.9811
11.6653
6.78132
6.28014
14.9908
6.71121
5.32601
10.612
13.8187
11.6918
6.90433
8.68917
9.60726
14.8164
6.56405
13.5552
11.4476
8.76272
6.90924
9.28253
9.82022
6.20612
10.8951
7.26188
8.84619
10.8299
7.51806
7.90441
11.1709
7.65281
13.2438
14.8266
12.3025
8.43877
10.8407
6.07769
14.0631
13.7965
13.1776
7.60728
10.9436
5.22513
9.25259
8.12719
6.61485
6.78766
9.22886
5.94229
10.9852
9.70924
11.9595
11.9989
11.3853
5.33604
5.68806
8.196
10.3086
11.5445
9.07619
13.1998
12.1836
14.6865
10.3133
8.25146
6.05629
11.1096
12.788
9.23453
5.90823
7.66471
6.53657
7.81005
9.40085
10.2714
9.57424
13.7537
10.1805
14.4362
11.3771
14.5769
7.40707
11.7612
7.89065
11.7181
11.9514
5.67993
7.5479
7.2404
11.6783
13.4439
8.44462
12.8052
11.7533
5.06715
11.0217
8.86771
14.1599
5.01151
9.62449
9.24349
9.60916
12.7016
8.22472
12.8474
9.71357
5.35763
6.75874
12.2176
9.73486
6.52721
8.41125
11.0739
6.91745
12.3843
7.4285
14.1742
7.69062
12.655
6.88662
7.87498
5.91113
10.7621
11.8336
10.4659
9.25729
11.4444
11.4762
11.7902
11.3579
14.4517
7.08935
12.0928
7.36231
6.19396
11.073
9.50138
9.58725
11.6194
12.7029
8.50218
11.6201
9.16159
13.4193
13.3292
7.56441
11.1346
10.8225
10.4074
13.6994
7.64779
8.18074
6.19215
14.3983
11.4555
9.79463
11.3932
10.4472
11.4731
10.4389
12.2105
10.225
14.937
7.18677
6.05798
6.09697
5.63591
9.0458
9.48373
8.65816
12.635
11.279
12.7198
14.3285
14.7274
6.92028
6.38874
11.9627
5.9382
10.254
10.3034
13.6114
9.84853
8.93456
11.7143
12.4126
10.2005
8.47713
6.49997
10.8609
7.62145
5.44454
12.5493
7.42785
9.42402
11.878
8.59228
12.3634
8.94707
11.8342
12.0405
9.42305
5.19578
8.30858
9.24309
7.7027
6.97054
13.2172
9.29921
13.8777
8.91183
12.6911
8.96792
13.0851
12.5508
8.77396
7.16019
12.9041
14.493
8.27565
11.7126
9.38645
13.335
12.6885
6.67254
13.6198
14.8987
10.1442
13.8428
10.8803
6.54752
6.99863
9.06955
12.4871
13.2558
12.8996
8.18524
10.3406
5.89951
6.11706
6.36293
11.7865
9.95177
6.8971
9.95006
6.47608
5.54974
13.5071
10.6056
14.2961
11.9667
10.8279
13.154
13.7901
14.8891
5.00522
13.6544
11.1257
14.8995
10.2768
9.79523
13.0135
7.27843
9.98094
14.0085
10.7466
13.4518
12.3864
10.8599
7.46735
11.6642
5.83483
11.2596
11.6094
12.2975
13.9075
14.823
12.6903
10.8145
14.2831
10.8009
5.16983
6.2086
13.6271
9.84297
13.4486
7.09405
10.5229
11.2988
5.31991
11.1471
8.62411
5.49533
9.8957
6.9251
6.23084
7.05494
6.46515
6.89072
5.42652
11.352
7.81867
10.386
11.9516
9.99116
10.358
9.45183
6.23932
9.90357
13.53
13.7393
7.70294
7.08461
10.6498
11.4031
9.17029
7.05976
14.4793
5.82071
6.05709
6.42041
6.6646
11.2096
10.7371
5.52078
14.312
12.2866
12.3784
5.63405
13.6044
14.3441
14.844
13.5894
12.8556
10.1338
6.77602
8.98589
6.33931
5.3089
14.3914
8.01306
7.95534
8.32936
9.67068
11.482
5.25228
13.4221
10.5903
13.541
8.47879
9.46027
5.54239
6.77108
11.6281
8.30829
13.9849
6.18155
14.8842
10.3998
12.0692
14.9949
7.87849
9.14523
9.6484
12.6396
13.182
6.00222
6.78117
8.59635
5.56705
10.2189
8.35849
6.75669
7.08947
14.0515
11.7539
9.68468
14.1213
6.04012
12.4555
12.3627
10.6186
6.84194
10.9721
7.99937
6.34123
7.12602
13.9494
5.71453
7.42487
5.53754
9.41722
5.13283
13.9719
6.96658
5.93371
8.07367
9.56058
6.01669
14.9539
8.32093
7.97347
5.62045
7.98244
5.46351
10.0543
12.6143
11.3107
5.89892
5.80862
12.7724
14.0513
10.3377
6.09154
13.2581
8.38098
7.93973
12.4631
5.10337
5.48447
11.6792
11.0347
10.261
12.2971
12.0725
12.8138
7.87977
11.9253
10.5667
8.96521
5.61591
12.8018
8.37584
11.0787
12.4125
6.04813
6.27888
10.4954
9.85229
13.9048
12.9896
12.3434
5.51332
5.72885
5.88527
12.9835
14.4301
11.8372
6.32083
12.2272
6.10353
6.17493
11.4072
8.28814
11.5381
12.4913
10.8319
12.4003
7.34827
12.3496
14.706
13.6693
5.86235
8.66437
8.69199
11.8503
10.9794
12.8936
8.67653
7.06028
5.86667
12.7193
7.05675
8.88272
10.5178
7.28953
11.4194
9.8448
6.51846
12.8193
6.00606
7.94066
7.37373
10.3087
5.91499
9.05315
6.04846
6.12284
12.8443
7.9157
11.0353
14.6442
9.32485
11.9475
12.581
9.32642
11.555
6.09755
14.3376
6.87461
7.66179
12.9783
9.87604
12.6896
8.96007
7.72939
5.37235
11.7329
9.29564
9.51739
11.0986
5.59403
8.15811
12.7272
11.9643
6.25332
6.30151
5.92352
5.0782
9.23109
11.5557
12.2292
10.3121
6.08818
11.3177
6.265
6.34303
5.98594
6.42027
6.68251
6.96249
8.1748
8.16429
7.17563
7.51042
13.9292
12.0322
10.5574
6.84434
7.12031
5.77347
14.138
12.0672
10.5779
8.13429
6.66204
11.225
14.8793
6.70432
7.57792
8.96799
5.73995
11.841
9.02388
14.8284
9.02184
11.2067
6.5437
8.81345
6.61134
12.5811
13.7111
8.50777
11.8554
7.94149
10.3063
13.3242
10.9749
8.35311
7.99225
9.52593
9.22646
8.59606
10.5832
12.4255
9.24335
9.29356
6.24873
5.24434
7.90185
8.17521
11.5369
14.5694
14.3573
9.57886
7.40478
12.639
12.5933
12.4065
12.4369
6.0592
11.8156
9.63261
7.12163
5.98519
13.2357
6.7501
6.6357
11.6599
13.9439
10.1656
12.027
6.5359
14.5346
10.4088
11.7973
5.36563
13.092
12.4862
6.20187
10.2505
8.25834
10.4645
8.98881
9.15093
6.80738
7.55387
5.20536
14.2368
11.537
14.3261
6.63512
14.211
12.9466
10.7739
9.40036
7.57614
12.5195
7.28669
5.64187
12.6733
11.712
12.1521
11.4206
9.19048
8.90762
13.1614
8.17428
13.1454
12.8907
13.5226
10.0564
11.3566
14.5089
9.43964
5.60019
13.6675
